59 68 62.96
57.2 68 61.88
59 66.2 62.96
57.2 66.2 61.88
59 68 63.32
59 69.8 64.04
57.2 64.4 60.8
57.2 64.4 60.8
57.2 68 62.96
57.2 69.8 63.32
59 68 63.68
59 69.8 64.76
60.8 69.8 64.76
59 69.8 64.04
57.2 66.2 60.8
60.8 71.6 65.84
57.2 68 62.24
59 71.6 65.48
59 71.6 64.76
57.2 68 62.24
55.4 64.4 60.44
59 68 62.96
57.2 64.4 60.8
55.4 66.2 60.8
55.4 64.4 60.08
57.2 64.4 60.8
59 66.2 62.24
59 68 63.32
60.8 69.8 64.4
57.2 68 61.88
55.4 66.2 60.8
57.2 66.2 61.52
59 68 63.32
59 68 62.96
57.2 68 62.6
55.4 64.4 60.08
57.2 66.2 61.52
60.8 71.6 66.2
57.2 66.2 61.16
57.2 69.8 63.32
59 69.8 64.4
55.4 64.4 60.44
57.2 64.4 60.44
55.4 64.4 60.08
57.2 68 61.88
59 69.8 64.4
59 66.2 62.6
59 64.4 61.16
59 71.6 64.76
59 66.2 62.6
59 68 62.96
57.2 66.2 61.52
60.8 69.8 64.76
57.2 64.4 61.16
57.2 64.4 60.8
57.2 66.2 61.16
55.4 66.2 61.16
57.2 66.2 61.52
55.4 66.2 61.16
57.2 66.2 61.16
55.4 66.2 60.8
59 71.6 65.12
55.4 64.4 60.08
57.2 66.2 61.16
57.2 66.2 61.52
57.2 64.4 60.8
59 68 63.32
57.2 66.2 61.16
59 66.2 62.6
